intrinsic:
985.2061657111618 0.0 628.268814369397 
0.0 987.0176919028825 360.44331908710615 
0.0 0.0 1.0 
distortion:
0.0916059685876643 -0.9971842644853532 -0.0012388181252572395 -0.001726928640085173 1.9737053624420855 
