intrinsic:
903.2550449940866 0.0 638.4864552552465 
0.0 904.8595829691449 358.98080816584167 
0.0 0.0 1.0 
distortion:
0.07131346748094791 -0.032041416971342926 -0.002152349004941855 -0.0014801951029428193 -0.332141897439247 
